# Cylinders Distance
0	50	36	22
8	30	22	13
16	21	14	12
32	12	10	9


# Hole
0	4	23	24
5	5	25	21
10	6	28	15
15	6	29	6
20	7	14	3
25	9	11	3
30	6	4	3
35	5	2	4
40	3	1	2
45	2	1	1


# Cylinders Degree
0	37	22	22	15	15	15	22	0.65	0.56	0.56
5	52	33	29	17	19	23	35	0.83	0.85	0.9
10	56	33	31	17	23	25	39	1.00	0.93	1.00
15	44	32	22	12	12	22	32	0.52	0.81	0.82
20	43	36	31	34	7	12	9	0.30	0.44	0.23
25	43	57	58	60	-14	-15	-17	-0.60	-0.55	-0.43
30	35	49	50	65	-14	-15	-30	-0.60	-0.55	-0.77
35	24	29	33	50	-5	-9	-26	-0.22	-0.33	-0.66
40	50	33	23	17	17	27	33	0.74	1.00	0.85
45	60	57	49	42	3	11	18	0.13	0.40	0.46
