# 0.0	8.0	16.0	32.0
100 50.0	30.0	21.0	12.0
150 36.0	22.0	14.0	10.0
200 22.0	13.0	12.0	9.0


0.0	5.0	10.0	15.0	20.0	25.0	30.0	35.0	40.0	45.0
4.0	5.0	6.0	6.0	7.0	9.0	6.0	5.0	3.0	2.0
23.0	25.0	28.0	29.0	14.0	11.0	4.0	2.0	1.0	1.0
24.0	21.0	15.0	6.0	3.0	3.0	3.0	4.0	2.0	1.0


0.0	5.0	10.0	15.0	20.0	25.0	30.0	35.0	40.0	45.0
37.0	52.0	56.0	44.0	43.0	43.0	35.0	24.0	50.0	60.0
22.0	33.0	33.0	32.0	36.0	57.0	49.0	29.0	33.0	57.0
15.0	19.0	23.0	12.0	7.0	-14.0	-14.0	-5.0	17.0	3.0
0.65	0.83	1.0	0.52	0.3	-0.6	-0.6	-0.22	0.74	0.13
22.0	29.0	31.0	22.0	31.0	58.0	50.0	33.0	23.0	49.0
15.0	23.0	25.0	22.0	12.0	-15.0	-15.0	-9.0	27.0	11.0
0.56	0.85	0.93	0.81	0.44	-0.55	-0.55	-0.33	1.0	0.4
15.0	17.0	17.0	12.0	34.0	60.0	65.0	50.0	17.0	42.0
22.0	35.0	39.0	32.0	9.0	-17.0	-30.0	-26.0	33.0	18.0
0.56	0.9	1.0	0.82	0.23	-0.43	-0.77	-0.66	0.85	0.46
