 0  0.707107
 3.63636  0.671658
 7.27273  0.633815
 10.9091  0.591185
 14.5455  0.541372
 18.1818  0.483258
 21.8182  0.423157
 25.4545  0.370077
 29.0909  0.333029
 32.7273  0.319838
 36.3636  0.328009
 40  0.349731
 43.6364  0.37715 
 47.2727  0.402768
 50.9091  0.423926
 54.5455  0.441451
 58.1818  0.45625 
 61.8182  0.469285
 65.4545  0.48285 
 69.0909  0.500571
 72.7273  0.526131
 76.3636  0.56313 
 80  0.61136
 83.6364  0.665334
 87.2727  0.719173
 90.9091  0.767024
 94.5455  0.805932
 98.1818  0.83857 
 101.818  0.868259
 105.455  0.898316
 109.091  0.93027 
 112.727  0.960709
 116.364  0.985372
 120  1
 123.636  1.00167 
 127.273  0.992808
 130.909  0.977176
 134.545  0.958537
 138.182  0.939973
 141.818  0.920589
 145.455  0.898053
 149.091  0.870029
 152.727  0.834739
 156.364  0.795247
 160  0.757112
 163.636  0.725911
 167.273  0.706721
 170.909  0.697778
 174.545  0.692395
 178.182  0.683773
 181.818  0.665293
 185.455  0.634458
 189.091  0.592889
 192.727  0.54239 
 196.364  0.484821
 200  0.424778
 203.636  0.37065 
 207.273  0.331104
 210.909  0.314757
 214.545  0.324011
 218.182  0.349199
 221.818  0.379267
 225.455  0.40317 
 229.091  0.415149
 232.727  0.424059
 236.364  0.441255
 240  0.478092
 243.636  0.541271
 247.273  0.618866
 250.909  0.694298
 254.545  0.750985
 258.182  0.77577 
 261.818  0.775475
 265.455  0.764156
 269.091  0.755876
 272.727  0.763231
 276.364  0.785998
 280  0.81736
 283.636  0.850444
 287.273  0.878689
 290.909  0.899757
 294.545  0.914357
 298.182  0.923261
 301.818  0.927241
 305.455  0.92697 
 309.091  0.923026
 312.727  0.915982
 316.364  0.906388
 320  0.893784
 323.636  0.876307
 327.273  0.851989
 330.909  0.818887
 334.545  0.777891
 338.182  0.735393
 341.818  0.69842 
 345.455  0.673993
 349.091  0.666407
 352.727  0.672419
 356.364  0.687497
 360  0.707107

