# phi = 0; Vibrator is Z;
# z(y) alpha
20  0.172414  0.415228
22  0.224138  0.473432
24  0.603448  0.776819
26  0.896552  0.946864
28  1         1
30  0.965517  0.982607
32  0.793103  0.890563
34  0.517241  0.719195
36  0.258621  0.508548
38  0.224138  0.473432


# phi = 30; Vibrator is Z
# z(y) alpha
28  0.645161  0.803219
30  0.645161  0.803219
32  0.774194  0.879883
34  0.903226  0.950382
36  0.967742  0.983739
38  1         1
40  0.83871   0.915811
42  0.741935  0.861356
44  0.645161  0.803219


# phi = 60; Vibrator is Z
# z(y) alpha
14  0.15625   0.395285
16  0.15625   0.395285
18  0.15625   0.395285
20  0.21875   0.467707
22  0.328125  0.572822
24  0.46875   0.684653
26  0.625     0.790569
28  0.75      0.866025
30  0.875     0.935414
32  0.953125  0.976281
34  1         1
36  0.984375  0.992157
38  0.875     0.935414
40  0.6875    0.829156
42  0.46875   0.684653
44  0.3125    0.559017
46  0.203125  0.450694
48  0.15625   0.395285
50  0.125     0.353553


# ------------
# phi = 30; Vibrator is || Z
# z(y) alpha
19  0.52381   0.723747
21  0.650794  0.806718
23  0.825397  0.908514
25  0.920635  0.959497
27  0.984127  0.992032
29  1         1
31  0.920635  0.959497
33  0.809524  0.899736
35  0.698413  0.835711
37  0.619048  0.786796
39  0.603175  0.776643


# phi = 60; Vibrator is || Z
# z(y) alpha
46  0.56  0.748331
48  0.7   0.83666
50  0.8   0.894427
52  0.92  0.959166
54  0.98  0.989949
56  1     1
58  1     1
60  0.92  0.959166
62  0.88  0.938083
64  0.78  0.883176
66  0.66  0.812404
68  0.58  0.761577
70  0.46  0.678233
72  0.38  0.616441
74  0.32  0.565685
76  0.3   0.547723
78  0.3   0.547723


# ------------
# phi = 30; Vibrator is perp Y
# x alpha
14  0.388889  0.62361
16  0.388889  0.62361
18  0.425926  0.65263
20  0.685185  0.827759
22  0.851852  0.922958
24  0.962963  0.981307
26  1         1
28  0.962963  0.981307
30  0.814815  0.902671
32  0.666667  0.816497
34  0.481481  0.693888
36  0.407407  0.638284
38  0.388889  0.62361


# phi = 60; Vibrator is perp Y
# x apha
22  0.368421  0.606977
24  0.45614   0.675381
26  0.561404  0.749269
28  0.736842  0.858395
30  0.894737  0.945905
32  1         1
34  0.912281  0.955134
36  0.614035  0.783604
38  0.421053  0.648886
40  0.368421  0.606977


# ------------
# phi = 30; Vibrator is || Y
# x alpha
34  0.462963  0.680414
36  0.537037  0.732828
38  0.666667  0.816497
40  0.796296  0.892354
42  0.907407  0.952579
44  0.962963  0.981307
46  1         1
48  0.962963  0.981307
50  0.907407  0.952579
52  0.796296  0.892354
54  0.648148  0.805076
56  0.555556  0.745356
58  0.518519  0.720083
60  0.462963  0.680414


# phi = 60; Vibrator is || Y
# x alpha
18  0.325  0.570088
20  0.35   0.591608
22  0.525  0.724569
24  0.575  0.758288
26  0.875  0.935414
28  1      1
30  1      1
32  0.8    0.894427
34  0.575  0.758288
36  0.4    0.632456
38  0.35   0.591608


# phi Lz(phi)
0 36
30 32
60 72

# phi Ly(phi)
30 52
60 40
