20 0.415228 28 0.803219 14 0.395285
22 0.473432 30 0.803219 16 0.395285
24 0.776819 32 0.879883 18 0.395285
26 0.946864 34 0.950382 20 0.467707
28 1        36 0.983739 22 0.572822
30 0.982607 38 1        24 0.684653
32 0.890563 40 0.915811 26 0.790569
34 0.719195 42 0.861356 28 0.866025
36 0.508548 44 0.803219 30 0.935414
38 0.473432             32 0.976281
                        34 1
                        36 0.992157
                        38 0.935414
                        40 0.829156
                        42 0.684653
                        44 0.559017
                        46 0.450694
                        48 0.395285
                        50 0.353553

19 0.723747 46 0.748331
21 0.806718 48 0.83666
23 0.908514 50 0.894427
25 0.959497 52 0.959166
27 0.992032 54 0.989949
29 1        56 1
31 0.959497 58 1
33 0.899736 60 0.959166
35 0.835711 62 0.938083
37 0.786796 64 0.883176
39 0.776643 66 0.812404
- -           68 0.761577
- -            70 0.678233
- -            72 0.616441
- -            74 0.565685
- -            76 0.547723
- -            78 0.547723

14 0.62361  22 0.606977 34 0.680414 18 0.570088
16 0.62361  24 0.675381 36 0.732828 20 0.591608
18 0.65263  26 0.749269 38 0.816497 22 0.724569
20 0.827759 28 0.858395 40 0.892354 24 0.758288 
22 0.922958 30 0.945905 42 0.952579 26 0.935414 
24 0.981307 32 1        44 0.981307 28 1        
26 1        34 0.955134 46 1        30 1
28 0.981307 36 0.783604 48 0.981307 32 0.894427 
30 0.902671 38 0.648886 50 0.952579 34 0.758288 
32 0.816497 40 0.606977 52 0.892354 36 0.632456 
34 0.693888 - -            54 0.805076 38 0.591608
36 0.638284 - -            56 0.745356 - -
38 0.62361  - -            58 0.720083  - -
- -         - -            60 0.680414 - -
